iterations: 10 
36.545265
36.248680
36.011227
35.869411
35.576824
35.379292
34.924751
34.720592
34.630249
34.573299
34.327053
34.152962
34.009773
33.835503
33.493416
33.140678
32.840252
32.772732
32.548405
32.503906
32.160778
32.009304
31.827915
31.736303
31.476299
31.297228
31.194956
31.099085
30.853697
30.795845
30.647427
30.498652
30.381006
30.102423
30.031286
29.987968
29.714062
29.593826
29.422960
29.390932
29.326555
29.221956
29.033129
28.727121
28.651585
28.351164
28.286366
28.200788
28.090380
27.995466
27.684439
27.623631
27.531975
27.420450
27.378782
27.226927
27.003180
26.983913
26.761156
26.665840
26.540270
26.521996
26.432806
26.355288
26.164463
25.991058
25.780983
25.773645
25.672375
25.566896
25.475063
25.422773
25.254082
25.081453
24.955952
24.720753
24.632095
24.549536
24.476870
24.319525
24.272604
24.223269
24.165808
24.037350
23.960764
23.776358
23.705856
23.594372
23.468714
23.345137
23.282331
23.090651
22.975433
22.830093
22.799641
22.701782
22.558601
22.470352
22.390192
22.252953
22.082439
22.058662
21.987116
21.774946
21.741638
21.669092
21.477793
21.328695
21.274414
21.257666
21.123131
21.044283
20.932098
20.869064
20.742661
20.515341
20.493061
20.425945
20.357910
20.271349
20.163410
19.955624
19.843939
19.685461
19.637962
19.523561
19.468992
19.296406
19.242378
19.105207
19.092943
18.950323
18.890455
18.810835
18.728601
18.661180
18.591448
18.450361
18.377466
18.275801
18.172697
17.994026
17.957048
17.831894
17.776953
17.707943
17.580685
17.473093
17.332245
17.266489
17.178682
17.028435
16.909861
16.822250
16.762592
16.678577
16.608023
16.580198
16.484133
16.413183
16.164396
16.050037
16.024187
15.903643
15.804704
15.688955
15.655981
15.535318
15.459134
15.401049
15.295026
15.260291
15.113853
15.017502
14.998589
14.844987
14.761451
14.687679
14.558957
14.532824
14.337521
14.241295
14.134940
14.052617
13.971107
13.850019
13.731861
13.729378
13.636294
13.552537
13.466284
13.311532
13.277315
13.147899
13.112878
12.946920
12.858991
12.796355
12.683915
12.652498
12.476998
12.406362
12.257859
12.206153
12.112803
12.016503
11.992316
11.784801
11.762567
11.680947
11.452845
11.416212
11.349010
11.295960
11.257742
11.084127
10.983230
10.927354
10.881680
10.779721
10.585514
10.527524
10.452765
10.417792
10.290038
10.212432
10.181438
10.100373
9.967459
9.915640
9.866464
9.757115
9.588883
9.470823
9.396525
9.207809
9.115325
9.072474
8.995442
8.949883
8.790006
8.710131
8.660961
8.577370
8.492772
8.389585
8.338357
8.238053
8.083315
8.044221
7.920206
7.824436
7.694477
7.625216
7.543710
7.441508
7.291730
7.216424
7.097104
7.016371
6.975206
6.953794
6.849893
6.632430
6.501167
6.431257
6.316448
6.241054
6.132069
6.087821
6.049604
5.975503
5.888495
5.801375
5.772131
5.636801
5.541192
5.392897
5.221015
5.173369
5.116556
4.966453
4.863934
4.762251
4.659007
4.433867
4.299314
4.212510
4.164454
4.110704
4.005055
3.919233
3.767753
3.630149
3.575610
3.266931
3.096711
3.077050
2.889743
2.764723
