iterations: 10 
23.425161
22.678091
22.448023
21.816620
21.500261
21.127699
20.604425
20.017300
19.883930
19.757954
19.636780
19.460342
19.340044
19.011683
18.654249
18.515829
18.353144
18.179977
18.085171
17.793703
17.751072
17.642862
17.358484
17.041588
16.858051
16.509106
16.445297
16.204159
16.065887
15.972310
15.773035
15.552052
15.364672
15.124179
14.799631
14.724626
14.599474
14.524310
14.346035
13.940333
13.738339
13.579101
13.438677
13.226360
13.205787
12.971921
12.802970
12.788222
12.691622
12.468393
12.374546
12.199207
11.849881
11.706330
11.626424
11.494703
11.442919
11.165589
11.060781
11.028114
10.844418
10.746133
10.432086
10.369191
10.083733
9.822453
9.792001
9.591917
9.472092
9.295923
9.232445
9.108222
9.053443
8.878333
8.786950
8.593839
8.410755
8.300512
8.093303
7.865105
7.821882
7.647061
7.566151
7.383855
7.213163
7.131221
7.112666
6.967887
6.916422
6.591641
6.474913
6.223336
6.084170
5.856330
5.821732
5.619340
5.508965
5.345179
5.261194
5.079206
4.982283
4.791243
4.605988
4.557266
4.389721
4.305956
4.122011
3.882678
3.832605
3.672367
3.539398
3.469408
3.398998
3.104399
2.927154
2.729008
2.452391
2.353778
2.118712
1.955463
