iterations: 8 
18.336374
16.986668
16.874416
15.832812
15.710366
15.630939
15.456227
14.900132
14.610192
14.412956
14.196264
14.055540
13.949991
13.217180
13.047619
12.856853
12.474545
12.039015
11.834480
11.683020
11.557392
11.318044
11.141926
10.920235
10.733956
10.370790
10.284344
10.152778
9.923438
9.725036
9.362834
9.257840
8.951302
8.893860
8.479215
8.180577
8.102079
8.012070
7.698643
7.578266
7.351243
7.270336
7.117013
6.981532
6.649550
6.469914
6.278036
6.225763
5.948644
5.887134
5.476407
5.325593
5.065298
5.021823
4.786711
4.611448
4.566103
4.307773
4.188323
3.954143
3.757116
3.513872
3.252225
3.004899
2.848547
2.716219
2.578963
2.115534
2.086767
1.882796
1.485673
1.338400
