iterations: 9 
20.263029
20.087009
19.867580
18.917120
18.806730
18.624342
18.253956
17.869646
17.446125
17.365486
17.259127
17.048906
16.838255
16.802000
16.243309
16.051695
15.849990
15.568024
15.229509
15.084846
14.799870
14.497714
14.385152
14.272970
14.130569
13.712252
13.583774
13.427003
13.175385
12.842196
12.709468
12.639071
12.416683
12.175270
12.096427
11.975112
11.689269
11.667385
11.335330
11.272638
11.064879
10.650494
10.612808
10.415668
10.224936
10.044910
9.979583
9.674928
9.571486
9.310825
8.907575
8.812195
8.776874
8.657312
8.420769
8.360337
8.238805
8.046139
7.943395
7.808409
7.535905
7.456374
7.371090
7.082524
6.837627
6.790179
6.688199
6.406557
6.245760
6.170522
5.983329
5.788660
5.698642
5.432835
5.388387
5.167552
4.909273
4.848868
4.729383
4.520817
4.371003
4.199615
3.923083
3.813682
3.657234
3.544363
3.496862
3.281022
3.138620
3.045156
2.888930
2.707362
2.388841
2.079720
1.984395
1.585164
