iterations: 11 
74.640343
74.173592
73.677795
73.006844
72.894730
72.857239
72.739510
72.523323
72.463860
72.346687
72.300034
72.082016
71.815437
71.616386
71.515663
71.290161
71.231827
71.080681
70.891777
70.846153
70.601028
70.522835
70.372437
70.289032
70.083115
70.043747
69.933044
69.879776
69.652863
69.586403
69.505096
69.143158
69.140366
69.100906
68.903030
68.880943
68.754257
68.738243
68.503578
68.357895
68.291389
68.190125
68.108406
67.867714
67.789413
67.688232
67.612213
67.597145
67.537285
67.504623
67.334976
67.281761
67.049522
67.029961
66.979286
66.928825
66.710526
66.671303
66.588051
66.418907
66.342133
66.299217
66.243431
66.184044
66.028770
66.003654
65.836327
65.764252
65.728027
65.620682
65.426498
65.400955
65.301117
65.150421
65.056648
65.028160
64.997025
64.872849
64.690521
64.668152
64.588203
64.561424
64.442169
64.366814
64.320030
64.246407
64.124313
64.089226
64.007935
63.859497
63.846661
63.770672
63.700359
63.628456
63.592896
63.506630
63.362846
63.346577
63.178028
63.083755
62.998241
62.977329
62.903309
62.848026
62.808136
62.745934
62.649696
62.572239
62.497013
62.395840
62.170963
62.112343
62.090641
62.039169
61.979767
61.907711
61.801331
61.725655
61.684254
61.557323
61.487881
61.461056
61.368568
61.270020
61.225498
61.200108
61.114693
61.040760
60.980209
60.909531
60.842823
60.738697
60.622078
60.589920
60.530895
60.428722
60.368336
60.316563
60.227619
60.146999
60.076599
59.929760
59.891544
59.790802
59.746883
59.681313
59.584133
59.537430
59.499775
59.412189
59.397865
59.359814
59.264153
59.059868
59.000305
58.969372
58.941097
58.885757
58.751938
58.729877
58.655258
58.547009
58.521915
58.394833
58.340008
58.254940
58.176960
58.131962
58.088512
58.014442
57.975613
57.919010
57.874516
57.795788
57.705952
57.620419
57.568630
57.530098
57.482624
57.443512
57.309494
57.236965
57.229507
57.145523
57.105564
57.023254
56.924492
56.839363
56.793243
56.728168
56.698597
56.607948
56.520393
56.479996
56.449501
56.405418
56.247280
56.208958
56.075237
56.051430
56.009987
55.955273
55.888996
55.825180
55.719460
55.705135
55.595875
55.585583
55.486805
55.422062
55.355370
55.286667
55.199524
55.173885
55.112957
55.087925
54.967098
54.911770
54.874935
54.742085
54.701508
54.657600
54.539749
54.513088
54.478977
54.468399
54.295029
54.270935
54.194324
54.145088
53.998337
53.963268
53.914547
53.829849
53.752541
53.719650
53.697048
53.670212
53.644436
53.554680
53.479023
53.439781
53.377266
53.262676
53.194500
53.167870
53.083809
53.063816
52.969242
52.942860
52.886448
52.794170
52.715282
52.661747
52.638088
52.593704
52.472939
52.411175
52.362762
52.278130
52.204674
52.170803
52.084743
52.039757
51.994427
51.952854
51.858437
51.813976
51.776611
51.720497
51.645412
51.618641
51.493160
51.433910
51.407711
51.369801
51.352455
51.248638
51.235111
51.128712
51.100849
51.062477
51.025627
50.894993
50.874828
50.806541
50.757835
50.635517
50.588615
50.561954
50.499535
50.446842
50.403316
50.362453
50.290146
50.242477
50.136475
50.117519
49.993431
49.964596
49.888157
49.862995
49.805183
49.793911
49.681587
49.619232
49.596317
49.467747
49.400780
49.394367
49.371025
49.330418
49.279026
49.237270
49.120014
49.116943
49.006718
48.921497
48.892601
48.860519
48.802330
48.745777
48.669968
48.630104
48.614117
48.549477
48.543365
48.447895
48.406612
48.330826
48.279182
48.264862
48.174271
48.118340
48.040295
48.008080
47.986992
47.909145
47.866661
47.761364
47.722954
47.677647
47.578320
47.522018
47.457443
47.456470
47.396194
47.327663
47.301628
47.267586
47.198326
47.157101
47.040371
46.954468
46.933544
46.879616
46.851688
46.801426
46.734760
46.671005
46.620834
46.564651
46.497368
46.486179
46.414486
46.314545
46.283062
46.255478
46.222839
46.156853
46.105602
46.065613
45.966461
45.937336
45.909809
45.878883
45.810570
45.702221
45.625965
45.606373
45.524555
45.516350
45.449574
45.414509
45.391117
45.288658
45.277184
45.227345
45.181950
45.112984
45.037720
44.968502
44.901138
44.861111
44.800575
44.769661
44.741573
44.680779
44.599609
44.512711
44.462379
44.439651
44.379379
44.345093
44.286503
44.223946
44.195126
44.142002
44.118580
44.089550
44.043472
43.996952
43.913456
43.848209
43.839317
43.797554
43.677227
43.616257
43.546886
43.516068
43.460308
43.393250
43.352333
43.327888
43.251717
43.214474
43.178108
43.074188
43.039738
43.027046
42.952438
42.922081
42.892635
42.799492
42.774269
42.696369
42.672474
42.609913
42.571426
42.501907
42.407791
42.384537
42.303802
42.235905
42.172348
42.145885
42.134472
42.023766
41.948284
41.916489
41.870190
41.839706
41.810822
41.770340
41.744560
41.687920
41.664597
41.612625
41.566235
41.502438
41.442410
41.308441
41.256096
41.205898
41.174118
41.142506
41.070995
41.006184
40.926300
40.899998
40.871731
40.829464
40.788414
40.759705
40.682323
40.623112
40.585632
40.486313
40.448772
40.368870
40.349380
40.298019
40.265827
40.171711
40.159611
40.072929
40.026814
39.970810
39.913387
39.838200
39.805988
39.749462
39.735371
39.661636
39.644867
39.576393
39.520828
39.462528
39.445694
39.381767
39.337955
39.291512
39.219170
39.206348
39.120544
39.082375
39.008995
38.983345
38.935696
38.869442
38.838432
38.806995
38.673084
38.610485
38.583725
38.562725
38.502598
38.453686
38.431885
38.409863
38.318806
38.223850
38.214252
38.187950
38.149174
38.092983
38.064758
37.976387
37.931049
37.873554
37.846813
37.809715
37.759014
37.657413
37.610729
37.548698
37.526661
37.504803
37.413177
37.325954
37.307110
37.278645
37.251263
37.205166
37.190365
37.075329
37.069183
37.024677
36.972858
36.885803
36.851376
36.819279
36.758934
36.725536
36.632896
36.614128
36.519402
36.504944
36.432426
36.396824
36.277405
36.265835
36.235519
36.209267
36.165195
36.127220
36.083790
36.004799
35.983521
35.897285
35.843525
35.757130
35.745472
35.681961
35.621853
35.596264
35.578579
35.545238
35.432209
35.399784
35.363449
35.357655
35.274323
35.240757
35.186062
35.123642
35.085857
35.018566
34.993206
34.968510
34.908310
34.872238
34.813519
34.782288
34.685776
34.611282
34.572311
34.547928
34.478031
34.419250
34.392342
34.359306
34.286674
34.269802
34.188351
34.176544
34.101418
34.050182
33.979282
33.948101
33.855839
33.828087
33.786015
33.719437
33.701851
33.655239
33.602840
33.586491
33.487766
33.457405
33.419399
33.401108
33.352394
33.312954
33.252068
33.204193
33.189232
33.162292
33.102077
33.086517
32.996529
32.945263
32.868015
32.853600
32.822147
32.762245
32.703030
32.660656
32.614479
32.554977
32.534203
32.486538
32.436283
32.348217
32.334515
32.267303
32.256496
32.141571
32.122711
32.108147
32.022644
31.991661
31.921068
31.885342
31.856876
31.830965
31.796532
31.739321
31.670368
31.639608
31.610649
31.579767
31.541187
31.433558
31.421646
31.368006
31.311628
31.236898
31.194956
31.178793
31.165525
31.073492
31.054003
31.041426
30.965862
30.924215
30.901964
30.759254
30.743494
30.699696
30.657576
30.600063
30.529387
30.455353
30.416779
30.394135
30.363609
30.292185
30.259438
30.224955
30.190329
30.083162
30.027586
30.003513
29.973709
29.927410
29.869884
29.795357
29.730463
29.716211
29.681353
29.646261
29.577810
29.539028
29.528994
29.447502
29.406597
29.351170
29.309326
29.267038
29.222662
29.169298
29.107941
29.095013
29.045340
28.986498
28.955702
28.867668
28.852318
28.783440
28.715876
28.674086
28.644350
28.615557
28.567513
28.544918
28.504995
28.471933
28.402767
28.338301
28.313372
28.269554
28.241793
28.185976
28.154467
28.059855
28.021713
27.975483
27.945189
27.902411
27.869686
27.854759
27.779793
27.759645
27.686010
27.657278
27.615896
27.558186
27.521360
27.455477
27.394260
27.378382
27.343761
27.295082
27.223251
27.180273
27.162460
27.066887
27.059353
26.958084
26.933140
26.887665
26.842825
26.752151
26.702951
26.650705
26.628170
26.571260
26.513157
26.497768
26.461039
26.425232
26.363468
26.321320
26.265497
26.245481
26.205923
26.138390
26.120104
26.098854
26.032915
26.008162
25.953676
25.889788
25.845243
25.815439
25.776527
25.732941
25.695112
25.654591
25.612234
25.530548
25.492521
25.476173
25.421127
25.343916
25.289164
25.273678
25.221138
25.148417
25.121746
25.072565
25.023930
24.998354
24.970850
24.875668
24.842203
24.808504
24.765989
24.729721
24.672340
24.655127
24.515574
24.508455
24.474522
24.418224
24.324532
24.311228
24.294273
24.239998
24.192905
24.109245
24.085802
24.048025
23.978182
23.949896
23.923895
23.868935
23.818419
23.735245
23.690441
23.660288
23.621988
23.574375
23.532370
23.470337
23.442120
23.384560
23.355534
23.327646
23.308182
23.295614
23.221878
23.150778
23.122564
23.112762
23.061325
22.993385
22.953917
22.923014
22.862797
22.855551
22.796312
22.761984
22.699823
22.652725
22.579542
22.526487
22.482882
22.412889
22.388060
22.358725
22.313875
22.256586
22.245892
22.174128
22.129099
22.076439
22.072483
22.034622
21.976347
21.962334
21.914236
21.842785
21.767870
21.714775
21.631256
21.592344
21.554489
21.527361
21.477484
21.447233
21.384155
21.353771
21.334686
21.255032
21.154947
21.133268
21.077505
21.049490
21.028606
21.016018
20.912737
20.882593
20.846540
20.795000
20.713409
20.681118
20.637455
20.606001
20.544693
20.498652
20.454456
20.438953
20.397745
20.356323
20.256807
20.218613
20.206837
20.136953
20.089422
20.075983
20.018898
19.998877
19.963047
19.930975
19.850756
19.787388
19.725658
19.670221
19.658178
19.632265
19.617157
19.556057
19.496719
19.460508
19.434267
19.409252
19.330151
19.312935
19.218409
19.183725
19.165857
19.060331
19.026247
18.939400
18.873423
18.869207
18.822741
18.802235
18.772039
18.732206
18.695166
18.617048
18.580990
18.562939
18.519690
18.480251
18.411394
18.350767
18.307329
18.285833
18.262611
18.170715
18.111975
18.096739
18.083838
17.981718
17.974508
17.915529
17.903791
17.821547
17.773308
17.750479
17.666130
17.643471
17.582245
17.490490
17.477491
17.425247
17.397482
17.362679
17.297085
17.247065
17.237514
17.204111
17.117262
17.087152
17.051237
17.019564
16.945074
16.903715
16.877501
16.858042
16.768475
16.733372
16.698952
16.636787
16.571518
16.508619
16.479948
16.437946
16.415503
16.349058
16.302692
16.288523
16.213720
16.196346
16.154747
16.114037
16.072720
16.037258
15.984474
15.897449
15.860924
15.823351
15.756531
15.739306
15.673719
15.634929
15.600856
15.547127
15.541076
15.452751
15.423254
15.350497
15.324943
15.295915
15.262236
15.187798
15.134088
15.114861
15.075601
14.997559
14.960859
14.917518
14.870389
14.793097
14.726846
14.684759
14.677857
14.560204
14.556130
14.534772
14.471887
14.384982
14.373047
14.323524
14.238166
14.225499
14.201571
14.137394
14.128634
14.070808
14.027283
13.984082
13.905211
13.865970
13.819004
13.766729
13.736549
13.668799
13.635400
13.600251
13.572363
13.494467
13.448230
13.418544
13.334441
13.287393
13.236510
13.190763
13.158756
13.102510
13.047421
13.043062
13.013777
12.934242
12.881628
12.852021
12.805860
12.788666
12.725705
12.622540
12.567610
12.525355
12.492289
12.450735
12.382896
12.356321
12.297439
12.266890
12.215833
12.164963
12.148191
12.080066
12.034298
11.965621
11.903521
11.877050
11.787329
11.738590
11.697145
11.648384
11.588289
11.574921
11.534499
11.520290
11.447512
11.394093
11.351770
11.333828
11.277658
11.212137
11.200380
11.160476
11.084771
11.035564
10.985143
10.934546
10.869797
10.805094
10.789454
10.738211
10.703336
10.661700
10.611193
10.548015
10.531113
10.447321
10.415507
10.319324
10.300704
10.242247
10.186432
10.183936
10.111526
10.064222
9.950565
9.936149
9.860261
9.790459
9.772473
9.748420
9.677369
9.633176
9.613331
9.523265
9.452626
9.418350
9.411234
9.342976
9.323056
9.226807
9.196704
9.130756
9.052522
9.009722
8.973721
8.866045
8.776692
8.772155
8.728743
8.658134
8.628677
8.571518
8.504606
8.442935
8.417015
8.359619
8.324539
8.259744
8.205479
8.175305
8.134219
8.058659
8.017060
7.959109
7.893393
7.781778
7.694155
7.686766
7.603192
7.539324
7.513225
7.480504
7.395860
7.311352
7.280469
7.273622
7.138625
7.051566
6.948853
6.906387
6.879458
6.829808
6.778142
6.712564
6.565937
6.502725
6.429889
6.389704
6.294872
6.201366
6.109273
6.101156
5.962642
5.860555
5.782965
5.575059
