iterations: 10 
26.005222
25.565434
24.768358
24.466480
24.197512
23.903358
23.808779
23.349260
23.205891
22.992805
22.440468
22.363951
22.159296
21.953226
21.824883
21.743267
21.537130
21.343067
21.168591
20.961981
20.681154
20.428032
20.283756
20.190588
20.032278
19.904297
19.693880
19.382563
19.221304
19.130423
19.035612
18.757408
18.523781
18.370024
18.066881
17.998344
17.860111
17.653166
17.605389
17.445581
17.295383
17.091446
16.932262
16.814583
16.704975
16.469622
16.353559
16.197308
15.995711
15.881019
15.677639
15.529072
15.398583
15.116915
14.936877
14.817622
14.667950
14.563448
14.438210
14.350241
14.180908
13.975674
13.807955
13.639309
13.543920
13.482097
13.448652
13.151574
13.047883
12.985952
12.889474
12.624619
12.358117
12.278525
12.120887
12.018787
11.962821
11.785528
11.689157
11.629895
11.516175
11.371796
11.209889
11.135346
10.983204
10.877522
10.786851
10.626204
10.461612
10.438942
10.246854
10.103705
9.973063
9.730501
9.648323
9.539859
9.302763
9.148142
9.023844
9.018236
8.860357
8.819686
8.612485
8.422423
8.277247
8.127018
8.072770
7.908104
7.822203
7.675418
7.523156
7.358147
7.243968
7.161071
7.059995
6.867608
6.798269
6.564507
6.550395
6.344596
6.201612
6.119304
5.989249
5.834877
5.728776
5.576059
5.484260
5.376183
5.166624
4.983308
4.898513
4.813349
4.783401
4.471269
4.254464
4.212418
4.106954
3.997866
3.848458
3.742106
3.560853
3.424645
3.415169
3.133186
3.034057
2.737464
2.695714
2.510492
2.405526
2.150226
